input:8
numHiddenLayers:1
hidden_layer:5
output:4
0.312503906701
0.14390600068
0.440328071254
-0.0825790804001
-0.196838999313
0.338896912127
-0.760792051967
-0.49369470336
0.024828740701
0.42000339272
0.912488074055
0.376797484956
0.939015332302
0.0776349725757
1.01073705372
-0.183421187375
0.610799750727
-0.413788548716
0.968283734906
-0.629486193721
-0.0556855558479
-1.02849117065
-0.0577251572317
-0.607301553136
0.172096128346
-0.489022764804
-0.218151634531
-0.0260122193403
0.336780424699
-0.272560853939
0.955282596187
-0.561840511242
0.540225485039
-0.632676198092
-0.0715441968166
0.556431491095
0.596516949421
-0.0869508319005
0.00500891186885
1.13046222718
-0.954715257485
-0.50352154585
-0.0362608233352
-0.401920887594
-0.599383932816
0.656929421781
0.269337611454
0.643216454258
-0.835286222903
0.565168860625
-0.186279730112
0.22860150175
-0.705024679284
-1.0429842691
0.46917509403
-0.0855881457018
-0.465551050005
0.211105110931
-0.277997685673
0.671646705924
